1.219308689660344863e-01
9.040596748135162897e-03
1.668744785172546208e-02
1.447495476576635652e-02
1.881244121112121692e-02
1.518432754897640867e-02
1.290620966809478748e-03
6.357480132874585022e-02
8.340598935628325966e-03
4.446861103559050961e-03
7.749975781325683065e-03
1.575088827847412887e-01
3.568738847691101026e-03
1.159090127843350471e-01
4.866234793016271931e-02
2.499679688500973385e-02
1.548745160171374410e-02
3.408426848666097908e-01
1.374995703138427641e-03
1.011559338877066061e-02
