Run semi-empirical minimization
 &qmmm
    qm_theory='AM1', grms_tol=0.0002,
  tight_p_conv=1, scfconv=1.d-10,   qmcharge=0,
 /
   6   C22      143.0110       95.8600        0.1740 
   6   C21      144.2250       96.6000        0.7400 
   8    O5      144.3880       96.7110        1.9400 
   7     N      145.1510       97.0620       -0.1470 
   6    C4      144.7880       97.9840       -1.2380 
   6    C1      146.5560       97.3940        0.1650 
   6    C3      145.7340       99.2080       -1.1280 
   6     C      147.2030       96.7930        1.4080 
   6    C2      146.6290       98.9230        0.0910 
   6    C6      146.5950       99.3750       -2.3590 
   7    N1      145.0930      100.5260       -1.1100 
   8     O      147.3610       97.4730        2.4030 
   7    N3      147.6310       95.5000        1.4730 
   7    N2      146.4670      100.6500       -2.7920 
   8    O1      147.3060       98.5290       -2.8640 
   6    C7      145.5610      101.3500       -2.0720 
   6    C8      144.0470      100.8040       -0.1030 
   6   C23      147.6000       94.3180        0.5630 
   6   C14      147.3160      101.2470       -3.8340 
   8    O2      145.2330      102.5060       -2.2650 
   6    C9      144.0320      102.2320        0.3980 
   6   C15      148.5390      101.8560       -3.1750 
   8    O4      145.1780      102.5550        1.0540 
   8    O3      143.1260      103.0000        0.1360 
   6   C16      148.6110      103.1720       -2.9450 
   6   C20      149.5590      101.0800       -2.7860 
   6   C10      145.4890      103.8950        1.5500 
   6   C17      149.6770      103.6980       -2.3370 
   6   C19      150.6220      101.6020       -2.1750 
   6   C11      145.5890      104.9020        0.3740 
   6   C12      146.8740      103.7890        2.2280 
   6   C13      144.4440      104.3440        2.6030 
   6   C18      150.6820      102.9140       -1.9500 
   1  H181      151.5490      103.3360       -1.4500 
   1  H131      144.2750      103.5560        3.3420 
   1  H132      143.4870      104.5910        2.1410 
   1  H133      144.7940      105.2330        3.1350 
   1  H121      147.6430      103.5090        1.5030 
   1  H122      146.8650      103.0420        3.0240 
   1  H123      147.1600      104.7490        2.6650 
   1  H111      146.2570      104.5220       -0.4020 
   1  H112      145.9890      105.8590        0.7210 
   1  H113      144.6140      105.0940       -0.0760 
   1  H191      151.4380      100.9580       -1.8600 
   1  H171      149.7280      104.7670       -2.1500 
   1  H201      149.5260      100.0100       -2.9630 
   1  H161      147.7960      103.8230       -3.2510 
   1  H141      146.7470      102.0120       -4.3700 
   1  H142      147.6160      100.4810       -4.5550 
   1  H231      146.6900       93.7770        0.8320 
   1   H81      144.1770      100.1570        0.7690 
   1   H82      143.0700      100.6020       -0.5490 
   1   H21      146.2140       99.3690        0.9980 
   1   H22      147.6520       99.2870       -0.0400 
   1   H11      147.1610       97.0550       -0.6670 
   1   H51      143.7630       98.3260       -1.1210 
   1   H52      144.9000       97.4740       -2.1980 
   1  H223      143.3850       95.3480       -0.7100 
   6   C24      148.2580       95.1740        2.7370 
   1  H241      148.5770       94.1320        2.7270 
   1  H242      149.1240       95.8180        2.8890 
   1  H243      147.5440       95.3280        3.5460 
   1  H221      142.6260       95.1430        0.8990 
   1  H222      142.2320       96.5700       -0.1030 
   1  H232      148.4780       93.6920        0.7190 
   1  H233      147.5510       94.6440       -0.4760 

