Run semi-empirical minimization
 &qmmm
    qm_theory='AM1', grms_tol=0.0002,
  tight_p_conv=1, scfconv=1.d-10,   qmcharge=0,
 /
   6   C12      123.4820       78.2810        0.9300 
   6   C11      122.8990       77.1910        0.0400 
   8    O3      121.9500       77.4080       -0.6860 
   7     N      123.4490       75.9570        0.0870 
   6    C4      124.7490       75.5990        0.6700 
   6    C1      122.8470       74.7770       -0.5510 
   6    C3      125.1110       74.2010        0.1300 
   6     C      121.8820       74.0580        0.3920 
   6    C2      124.0240       73.8540       -0.9050 
   6   C13      120.3560       73.4510       -1.5250 
   6    C6      126.5050       74.1590       -0.4530 
   7    N1      125.2640       73.1970        1.1730 
   8     O      122.0540       74.0830        1.5970 
   7    N3      120.8910       73.2970       -0.1530 
   7    N2      127.2230       73.2380        0.2310 
   8    O2      126.9220       74.8370       -1.3720 
   6    C5      126.4920       72.6510        1.2080 
   6   C14      120.3360       72.1380        0.5720 
   6    C7      128.6330       72.9280       -0.0530 
   8    O1      126.8640       71.7940        1.9840 
   6    C8      128.8130       72.0720       -1.2960 
   6   C10      128.6150       70.5860       -1.2320 
   6    C9      129.9910       71.1490       -1.4170 
   1  HC91      130.6810       71.0870       -0.5810 
   1  HC92      130.4540       71.0450       -2.3940 
   1  HC10        0.1470       70.1010       -2.0840 
   1    H1        0.3740       70.1430       -0.2700 
   1  HC81      128.4950       72.5700       -2.2080 
   1  HC71      129.0770       72.4210        0.8080 
   1  HC72      129.1760       73.8640       -0.2180 
   1  HC14        0.3190       71.9360        0.2380 
   1  HC14        0.2990       72.3510        1.6430 
   1  HC13        0.6700       72.6350       -1.7600 
   1  HC13        0.1770       73.4120       -2.2450 
   1  HC21      123.7460       72.7970       -0.8880 
   1  HC22      124.3680       74.0990       -1.9130 
   1  HC11      122.3310       75.0760       -1.4630 
   1  HC41      124.6750       75.5970        1.7610 
   1  HC42      125.4980       76.3320        0.3600 
   1  HC12        0.0380       78.1360        1.9180 
   1  HC12        0.5570       78.1560        1.0590 
   1    HN      124.5140       72.9420        1.7960 
   1    H4        0.2480       79.2710        0.5380 
   1    H3        0.8360       74.4050       -1.6120 
   1    H2        0.9600       71.2620        0.3950 

